0 0.194922 0.079167 0.177344 0.133333
0 0.410156 0.073611 0.195312 0.130556
0 0.623438 0.064583 0.170312 0.123611
0 0.828516 0.078472 0.183594 0.145833
0 0.130469 0.249306 0.195312 0.151389
0 0.334766 0.252083 0.185156 0.118056
0 0.516406 0.254861 0.150000 0.126389
0 0.713672 0.243750 0.207031 0.145833
0 0.913672 0.250000 0.149219 0.138889
0 0.908203 0.439583 0.138281 0.143056
0 0.723437 0.431944 0.187500 0.158333
0 0.514844 0.439583 0.209375 0.143056
0 0.326953 0.438194 0.153906 0.145833
0 0.132422 0.438889 0.228906 0.133333
