0 0.223828 0.343056 0.419531 0.147222
0 0.231641 0.156250 0.372656 0.273611
0 0.315625 0.100000 0.193750 0.180556
0 0.326562 0.484722 0.332812 0.077778
0 0.569141 0.606250 0.067969 0.184722
0 0.667188 0.063194 0.040625 0.104167
0 0.744922 0.095139 0.036719 0.176389
0 0.872656 0.127778 0.050000 0.166667
0 0.923828 0.309028 0.152344 0.073611
0 0.947656 0.395833 0.104687 0.058333
0 0.970312 0.504167 0.059375 0.086111
0 0.973047 0.660417 0.053906 0.076389
0 0.980469 0.576389 0.039062 0.083333
0 0.451562 0.038889 0.059375 0.072222
0 0.510156 0.029861 0.037500 0.056944
0 0.582422 0.045139 0.044531 0.065278
