0 0.242578 0.418750 0.071094 0.384722
0 0.308594 0.470833 0.078125 0.255556
0 0.369531 0.425694 0.079687 0.387500
0 0.463672 0.315278 0.097656 0.616667
0 0.584766 0.393056 0.060156 0.450000
0 0.674609 0.440972 0.044531 0.337500
0 0.741016 0.464583 0.066406 0.293056
0 0.207031 0.614583 0.151562 0.068056
0 0.291406 0.646528 0.112500 0.065278
0 0.325391 0.670139 0.082031 0.056944
0 0.787500 0.647917 0.098438 0.062500
0 0.808984 0.579861 0.110156 0.070833
0 0.621875 0.625000 0.096875 0.075000
0 0.539062 0.622222 0.082813 0.050000
0 0.456250 0.656250 0.190625 0.081944
0 0.170703 0.679167 0.114844 0.038889
