0 0.018359 0.282639 0.024219 0.376389
0 0.039844 0.273611 0.032812 0.386111
0 0.057031 0.275694 0.028125 0.401389
0 0.096484 0.288194 0.028906 0.343056
0 0.132812 0.288889 0.035937 0.375000
0 0.170312 0.290278 0.032812 0.400000
0 0.215625 0.282639 0.050000 0.448611
0 0.254297 0.288194 0.046094 0.404167
0 0.285156 0.257639 0.051562 0.506944
0 0.340625 0.261111 0.043750 0.491667
0 0.384766 0.264583 0.046094 0.520833
0 0.478125 0.279861 0.079687 0.548611
0 0.612891 0.298611 0.107031 0.577778
0 0.752344 0.293750 0.090625 0.551389
0 0.819531 0.300694 0.125000 0.593056
0 0.921875 0.309722 0.121875 0.608333
0 0.973437 0.177778 0.053125 0.305556
