0 0.416016 0.373611 0.236719 0.080556
0 0.503906 0.466667 0.171875 0.125000
0 0.551562 0.300000 0.209375 0.088889
0 0.185937 0.470139 0.218750 0.073611
0 0.269922 0.547917 0.232031 0.137500
0 0.000000 -0.138889 0.000000 0.000000
0 0.270703 0.647222 0.241406 0.102778
0 0.518359 0.588889 0.182031 0.133333
0 0.730859 0.385417 0.211719 0.070833
0 0.879297 0.579861 0.241406 0.170833
0 0.783203 0.458333 0.178906 0.102778
0 0.279297 0.329861 0.233594 0.073611
0 0.089844 0.393056 0.175000 0.083333
0 0.932813 0.183333 0.101562 0.097222
