0 0.180469 0.131944 0.359375 0.069444
0 0.183594 0.197222 0.365625 0.044444
0 0.180859 0.252083 0.358594 0.045833
0 0.172656 0.299306 0.339063 0.034722
0 0.186719 0.350694 0.370313 0.056944
0 0.173438 0.468056 0.345313 0.041667
0 0.133594 0.511111 0.265625 0.033333
0 0.580859 0.105556 0.358594 0.050000
0 0.578125 0.154167 0.321875 0.038889
0 0.564062 0.205556 0.318750 0.052778
0 0.567969 0.259028 0.320312 0.043056
0 0.564062 0.302778 0.328125 0.030556
0 0.571484 0.368750 0.324219 0.023611
0 0.570703 0.422917 0.311719 0.048611
0 0.583984 0.495139 0.322656 0.051389
