0 0.111328 0.591667 0.064844 0.105556
0 0.233594 0.512500 0.056250 0.094444
0 0.318750 0.411111 0.057813 0.063889
0 0.426953 0.340278 0.072656 0.061111
0 0.415625 0.463889 0.065625 0.066667
0 0.482422 0.373611 0.061719 0.072222
0 0.476953 0.298611 0.063281 0.066667
0 0.550000 0.315972 0.075000 0.070833
0 0.542969 0.347917 0.076563 0.056944
0 0.375000 0.354167 0.067188 0.044444
0 0.381250 0.390278 0.054688 0.061111
0 0.192969 0.597917 0.110937 0.062500
0 0.176563 0.633333 0.107813 0.105556
0 0.328906 0.578472 0.092188 0.059722
0 0.333984 0.513889 0.091406 0.061111
0 0.474609 0.636111 0.055469 0.125000
0 0.541016 0.647222 0.077344 0.075000
0 0.277344 0.635417 0.073437 0.068056
0 0.475000 0.479861 0.076563 0.062500
0 0.662500 0.378472 0.056250 0.054167
0 0.609766 0.357639 0.061719 0.068056
0 0.752344 0.565278 0.073437 0.091667
0 0.746875 0.629167 0.068750 0.080556
0 0.654297 0.577778 0.069531 0.063889
0 0.661719 0.649306 0.079687 0.070833
0 0.410547 0.609722 0.047656 0.058333
3 0.733594 0.359028 0.531250 0.662500
0 0.532422 0.420139 0.074219 0.054167
