0 0.295312 0.210417 0.031250 0.156944
0 0.648438 0.286111 0.100000 0.144444
0 0.440625 0.320139 0.109375 0.079167
0 0.255859 0.307639 0.114844 0.051389
0 0.565625 0.331944 0.090625 0.077778
0 0.423438 0.665972 0.103125 0.065278
0 0.617188 0.618056 0.103125 0.161111
0 0.685938 0.609028 0.095312 0.179167
3 0.085156 0.392361 0.139062 0.554167
3 0.131250 0.591667 0.084375 0.213889
3 0.158594 0.349306 0.068750 0.323611
3 0.225781 0.519444 0.079687 0.322222
3 0.296875 0.468056 0.073437 0.163889
3 0.433203 0.329167 0.100781 0.266667
3 0.532031 0.346528 0.117188 0.354167
3 0.714844 0.345139 0.112500 0.284722
3 0.769922 0.298611 0.092969 0.250000
3 0.799219 0.583333 0.154687 0.230556
