0 0.103516 0.111111 0.114844 0.111111
0 0.105469 0.228472 0.128125 0.115278
0 0.117578 0.334028 0.102344 0.115278
0 0.132812 0.461111 0.137500 0.116667
0 0.125391 0.582639 0.121094 0.104167
0 0.135937 0.672222 0.118750 0.052778
0 0.272656 0.109722 0.101562 0.108333
0 0.266797 0.228472 0.102344 0.106944
0 0.269531 0.339583 0.096875 0.093056
0 0.280469 0.456250 0.100000 0.115278
0 0.284766 0.581250 0.103906 0.118056
0 0.278906 0.668056 0.118750 0.061111
0 0.401953 0.111806 0.100781 0.123611
0 0.446094 0.223611 0.110937 0.125000
0 0.424609 0.336111 0.138281 0.127778
0 0.445312 0.460417 0.140625 0.131944
0 0.475391 0.586806 0.130469 0.129167
0 0.451172 0.669444 0.105469 0.058333
0 0.378125 0.033333 0.073437 0.058333
0 0.611719 0.097222 0.154687 0.152778
0 0.592969 0.211806 0.145313 0.118056
0 0.590234 0.327778 0.158594 0.158333
0 0.596094 0.445833 0.151562 0.130556
0 0.602344 0.561111 0.160938 0.122222
0 0.585156 0.656250 0.159375 0.084722
0 0.769922 0.081944 0.160156 0.136111
0 0.760938 0.199306 0.175000 0.106944
0 0.767969 0.319444 0.173438 0.130556
0 0.776172 0.440278 0.178906 0.105556
0 0.782422 0.551389 0.178906 0.102778
0 0.767969 0.662500 0.175000 0.072222
0 0.921484 0.077083 0.157031 0.123611
0 0.924219 0.199306 0.151562 0.118056
0 0.917188 0.326389 0.165625 0.102778
0 0.928516 0.458333 0.142969 0.113889
0 0.938672 0.559028 0.122656 0.112500
0 0.924609 0.656250 0.150781 0.084722
