0 0.348828 0.219444 0.172656 0.155556
0 0.505078 0.159722 0.139844 0.163889
0 0.570703 0.265972 0.128906 0.109722
0 0.591797 0.340972 0.135156 0.123611
0 0.500391 0.419444 0.169531 0.166667
0 0.351953 0.375000 0.130469 0.127778
0 0.462500 0.547222 0.154687 0.111111
0 0.353125 0.474306 0.154687 0.131944
0 0.703125 0.494444 0.148438 0.072222
0 0.642187 0.541667 0.185937 0.186111
0 0.529297 0.627083 0.157031 0.106944
0 0.377734 0.601389 0.163281 0.194444
0 0.228516 0.495833 0.166406 0.197222
0 0.667969 0.660417 0.100000 0.076389
0 0.694141 0.403472 0.167969 0.145833
0 0.126563 0.410417 0.248437 0.415278
