0 0.499609 0.135417 0.930469 0.218056
0 0.668359 0.195833 0.082031 0.066667
0 0.521094 0.186806 0.207813 0.104167
0 0.365234 0.176389 0.097656 0.091667
0 0.833203 0.170139 0.214844 0.109722
0 0.213281 0.227778 0.198437 0.069444
0 0.403906 0.338194 0.143750 0.095833
0 0.592969 0.327778 0.120312 0.080556
0 0.781250 0.313194 0.126563 0.093056
0 0.248047 0.379167 0.089844 0.052778
0 0.527734 0.292361 0.825781 0.173611
0 0.557031 0.422222 0.762500 0.155556
0 0.296484 0.509028 0.075781 0.054167
0 0.525000 0.471528 0.150000 0.101389
0 0.655469 0.469444 0.079687 0.066667
0 0.799609 0.475000 0.167969 0.097222
0 0.557813 0.540278 0.773438 0.169444
0 0.510938 0.650694 0.257812 0.095833
0 0.763281 0.633333 0.203125 0.116667
