1 0.057422 0.252083 0.097656 0.354167
1 0.175781 0.209722 0.096875 0.394444
1 0.291016 0.217361 0.078906 0.404167
1 0.392969 0.093750 0.060938 0.187500
1 0.494531 0.217361 0.073437 0.340278
1 0.578906 0.263889 0.050000 0.283333
1 0.654297 0.271528 0.052344 0.320833
1 0.731641 0.240278 0.074219 0.325000
1 0.819141 0.230556 0.063281 0.336111
1 0.892187 0.213194 0.082813 0.370833
1 0.964063 0.206250 0.039062 0.387500
1 0.044922 0.737500 0.049219 0.305556
1 0.131641 0.735417 0.055469 0.323611
1 0.233203 0.706250 0.080469 0.354167
1 0.320703 0.764583 0.061719 0.315278
1 0.409766 0.723611 0.072656 0.336111
1 0.597266 0.718750 0.071094 0.351389
1 0.705078 0.722222 0.082031 0.372222
1 0.819141 0.699306 0.077344 0.379167
1 0.943359 0.729167 0.086719 0.444444
