5 0.191016 0.543056 0.238281 0.130556
5 0.145703 0.409722 0.107031 0.097222
5 0.068750 0.387500 0.126563 0.111111
5 0.101953 0.276389 0.121094 0.080556
5 0.445703 0.515278 0.124219 0.133333
5 0.632812 0.461806 0.092188 0.087500
5 0.904297 0.440972 0.119531 0.137500
5 0.635938 0.194444 0.090625 0.155556
5 0.776172 0.191667 0.069531 0.111111
5 0.866406 0.179167 0.051562 0.097222
5 0.964453 0.177778 0.060156 0.077778
5 0.071094 0.132639 0.029687 0.073611
5 0.394141 0.120833 0.036719 0.066667
5 0.234375 0.134028 0.050000 0.045833
5 0.513672 0.115972 0.047656 0.073611
